0	1.65
1	1.66911
2	1.68771
3	1.70679
4	1.72554
5	1.7446
6	1.76317
7	1.78221
8	1.80185
9	1.82088
10	1.83943
11	1.85846
12	1.87718
13	1.8962
14	1.91473
15	1.93374
16	1.95404
17	1.97303
18	1.99152
19	2.01049
20	2.02912
21	2.04804
22	2.06644
23	2.08528
24	2.10464
25	2.12334
26	2.14145
27	2.15988
28	2.1778
29	2.19572
30	2.21282
31	2.22987
32	1.64979
33	1.63079
34	1.61215
35	1.59306
36	1.5743
37	1.55525
38	1.53668
39	1.51765
40	1.49803
41	1.479
42	1.46046
43	1.44144
44	1.42273
45	1.40372
46	1.38519
47	1.36619
48	1.3459
49	1.32691
50	1.30842
51	1.28945
52	1.27082
53	1.25189
54	1.23348
55	1.21463
56	1.19524
57	1.17651
58	1.15833
59	1.1398
60	1.12171
61	1.10352
62	1.08603
63	1.06837
0	1.65
1	1.67015
2	1.68559
3	1.70583
4	1.72718
5	1.74743
6	1.76291
7	1.78317
8	1.80153
9	1.82178
10	1.83726
11	1.85751
12	1.87885
13	1.89909
14	1.91456
15	1.93479
16	1.95813
17	1.97834
18	1.99377
19	2.01395
20	2.03519
21	2.05531
22	2.07066
23	2.09069
24	2.10879
25	2.12865
26	2.14374
27	2.16334
28	2.18374
29	2.20277
30	2.21705
31	2.23527
32	1.64978
33	1.6295
34	1.61391
35	1.59355
36	1.5721
37	1.55177
38	1.53624
39	1.51593
40	1.49751
41	1.47721
42	1.46169
43	1.44139
44	1.42
45	1.39971
46	1.38421
47	1.36393
48	1.34054
49	1.32029
50	1.30482
51	1.2846
52	1.26332
53	1.24316
54	1.22779
55	1.20773
56	1.1896
57	1.1697
58	1.15458
59	1.13493
60	1.11445
61	1.09529
62	1.08088
63	1.06237
0	1.65
1	1.66958
2	1.68767
3	1.7073
4	1.72237
5	1.742
6	1.7601
7	1.77973
8	1.79656
9	1.81618
10	1.83427
11	1.85389
12	1.86894
13	1.88854
14	1.90663
15	1.92623
16	1.95403
17	1.97361
18	1.99166
19	2.01121
20	2.0262
21	2.04571
22	2.06368
23	2.08311
24	2.09971
25	2.119
26	2.13667
27	2.15567
28	2.17008
29	2.18856
30	2.20523
31	2.22276
32	1.64981
33	1.63175
34	1.61438
35	1.59534
36	1.58065
37	1.56144
38	1.54368
39	1.5244
40	1.50785
41	1.48853
42	1.4707
43	1.45135
44	1.4365
45	1.41714
46	1.39928
47	1.37991
48	1.35241
49	1.33303
50	1.31517
51	1.2958
52	1.28095
53	1.2616
54	1.24377
55	1.22447
56	1.20796
57	1.18874
58	1.17108
59	1.15202
60	1.13749
61	1.11869
62	1.10153
63	1.08319
0	1.65
1	1.66853
2	1.68775
3	1.70646
4	1.72491
5	1.74366
6	1.76298
7	1.78175
8	1.79966
9	1.81843
10	1.83777
11	1.85655
12	1.87505
13	1.89382
14	1.91316
15	1.93193
16	1.94968
17	1.96843
18	1.98774
19	2.00647
20	2.0249
21	2.04359
22	2.06281
23	2.08144
24	2.09915
25	2.11764
26	2.13659
27	2.15484
28	2.17263
29	2.19042
30	2.20837
31	2.22532
32	1.6498
33	1.63126
34	1.6119
35	1.59309
36	1.57457
37	1.55576
38	1.53638
39	1.51757
40	1.49963
41	1.48082
42	1.46145
43	1.44264
44	1.42413
45	1.40532
46	1.38596
47	1.36716
48	1.34939
49	1.3306
50	1.31127
51	1.29251
52	1.27405
53	1.25532
54	1.23606
55	1.2174
56	1.19964
57	1.18108
58	1.16205
59	1.14368
60	1.12573
61	1.10768
62	1.08932
63	1.07179
0	1.65
1	1.66973
2	1.6898
3	1.70942
4	1.72348
5	1.74307
6	1.76307
7	1.78264
8	1.804
9	1.82356
10	1.84353
11	1.86309
12	1.87711
13	1.89666
14	1.91661
15	1.93614
16	1.95767
17	1.97718
18	1.99709
19	2.01656
20	2.03052
21	2.04995
22	2.06974
23	2.08908
24	2.11008
25	2.12921
26	2.14857
27	2.16729
28	2.18051
29	2.19855
30	2.21638
31	2.23311
32	1.64977
33	1.62909
34	1.60837
35	1.58829
36	1.57396
37	1.55404
38	1.53375
39	1.51392
40	1.49231
41	1.47253
42	1.45235
43	1.43261
44	1.41845
45	1.39873
46	1.3786
47	1.3589
48	1.33719
49	1.31752
50	1.29745
51	1.27782
52	1.26375
53	1.24416
54	1.2242
55	1.20469
56	1.18347
57	1.16411
58	1.14445
59	1.12534
60	1.11174
61	1.09298
62	1.07412
63	1.056
0	1.65
1	1.66794
2	1.68964
3	1.70738
4	1.72325
5	1.74095
6	1.7625
7	1.78017
8	1.80591
9	1.82356
10	1.84507
11	1.8627
12	1.8785
13	1.89612
14	1.9176
15	1.93521
16	1.95122
17	1.96881
18	1.99025
19	2.00781
20	2.02354
21	2.04107
22	2.06241
23	2.07987
24	2.10522
25	2.12252
26	2.14346
27	2.16046
28	2.1755
29	2.19201
30	2.2116
31	2.2271
32	1.64979
33	1.63233
34	1.61085
35	1.59326
36	1.5775
37	1.55993
38	1.53851
39	1.52095
40	1.49535
41	1.4778
42	1.4564
43	1.43885
44	1.42313
45	1.40559
46	1.3842
47	1.36666
48	1.35072
49	1.3332
50	1.31184
51	1.29433
52	1.27865
53	1.26117
54	1.23989
55	1.22247
56	1.19713
57	1.17982
58	1.15881
59	1.14167
60	1.12643
61	1.10956
62	1.08926
63	1.07289
0	1.65
1	1.67092
2	1.68868
3	1.70942
4	1.72218
5	1.74287
6	1.76053
7	1.78119
8	1.80479
9	1.82543
10	1.84306
11	1.86369
12	1.87639
13	1.89701
14	1.91461
15	1.93521
16	1.96128
17	1.98185
18	1.9994
19	2.01993
20	2.03257
21	2.05305
22	2.07051
23	2.09091
24	2.11411
25	2.1343
26	2.15141
27	2.17126
28	2.18333
29	2.20263
30	2.21873
31	2.23699
32	1.64978
33	1.62941
34	1.61185
35	1.59129
36	1.57863
37	1.55807
38	1.54053
39	1.51998
40	1.4965
41	1.47595
42	1.45841
43	1.43786
44	1.4252
45	1.40466
46	1.38712
47	1.36659
48	1.3406
49	1.32009
50	1.30259
51	1.28211
52	1.26951
53	1.24907
54	1.23165
55	1.21129
56	1.1881
57	1.1679
58	1.15075
59	1.13079
60	1.1186
61	1.099
62	1.0825
63	1.06352
0	1.65
1	1.66773
2	1.68588
3	1.7042
4	1.72402
5	1.74247
6	1.76094
7	1.77945
8	1.79895
9	1.81749
10	1.83602
11	1.85458
12	1.87457
13	1.89314
14	1.9117
15	1.93027
16	1.94796
17	1.96653
18	1.98508
19	2.00363
20	2.0236
21	2.04212
22	2.0606
23	2.07907
24	2.09845
25	2.11679
26	2.13502
27	2.15314
28	2.17243
29	2.19006
30	2.2073
31	2.22407
32	1.64977
33	1.63099
34	1.61214
35	1.59333
36	1.57309
37	1.55431
38	1.53555
39	1.51679
40	1.49705
41	1.47829
42	1.45956
43	1.4408
44	1.42061
45	1.40187
46	1.38314
47	1.3644
48	1.34656
49	1.32783
50	1.30914
51	1.29043
52	1.27031
53	1.25165
54	1.23303
55	1.21443
56	1.19491
57	1.17641
58	1.15801
59	1.13969
60	1.12012
61	1.10212
62	1.08435
63	1.06684
0	1.65
1	1.66882
2	1.69043
3	1.70915
4	1.72981
5	1.74851
6	1.77005
7	1.78874
8	1.8023
9	1.82098
10	1.8425
11	1.86117
12	1.88177
13	1.90043
14	1.92193
15	1.94058
16	1.95577
17	1.9744
18	1.99585
19	2.01445
20	2.03496
21	2.05351
22	2.07485
23	2.09332
24	2.10668
25	2.12503
26	2.14603
27	2.16409
28	2.18375
29	2.20124
30	2.22087
31	2.23731
32	1.64978
33	1.63102
34	1.60933
35	1.59058
36	1.56992
37	1.55122
38	1.52969
39	1.51101
40	1.49746
41	1.4788
42	1.4573
43	1.43865
44	1.41807
45	1.39943
46	1.37796
47	1.35933
48	1.34415
49	1.32554
50	1.3041
51	1.28551
52	1.26502
53	1.24647
54	1.22513
55	1.20666
56	1.19328
57	1.1749
58	1.15382
59	1.13563
60	1.11573
61	1.09788
62	1.0776
63	1.06032
0	1.65
1	1.67009
2	1.68818
3	1.70833
4	1.72482
5	1.74498
6	1.76309
7	1.78324
8	1.80606
9	1.82621
10	1.84432
11	1.86447
12	1.88097
13	1.90111
14	1.91921
15	1.93934
16	1.95891
17	1.97902
18	1.99709
19	2.01717
20	2.03359
21	2.05362
22	2.07159
23	2.09154
24	2.11403
25	2.1338
26	2.15146
27	2.17092
28	2.18667
29	2.2056
30	2.22223
31	2.24021
32	1.64978
33	1.62932
34	1.61094
35	1.59057
36	1.57393
37	1.55363
38	1.53541
39	1.51516
40	1.49224
41	1.47201
42	1.45383
43	1.43361
44	1.41706
45	1.39685
46	1.3787
47	1.3585
48	1.33888
49	1.31871
50	1.30059
51	1.28045
52	1.26399
53	1.24389
54	1.22587
55	1.20586
56	1.18329
57	1.16344
58	1.14569
59	1.12609
60	1.11018
61	1.09096
62	1.07395
63	1.05536
0	1.65
1	1.66926
2	1.68726
3	1.70653
4	1.72304
5	1.7423
6	1.7603
7	1.77956
8	1.79578
9	1.81503
10	1.83303
11	1.85227
12	1.86878
13	1.88802
14	1.906
15	1.92523
16	1.95339
17	1.9726
18	1.99054
19	2.00972
20	2.02615
21	2.04529
22	2.06314
23	2.08221
24	2.09822
25	2.11717
26	2.13478
27	2.15349
28	2.16939
29	2.18769
30	2.20449
31	2.22204
32	1.64976
33	1.62932
34	1.61056
35	1.5907
36	1.57377
37	1.55409
38	1.53575
39	1.51616
40	1.49968
41	1.48013
42	1.46188
43	1.44237
44	1.42564
45	1.40616
46	1.38795
47	1.36849
48	1.34
49	1.32057
50	1.30243
51	1.28304
52	1.26643
53	1.24709
54	1.22904
55	1.20978
56	1.1936
57	1.17447
58	1.15666
59	1.13773
60	1.12162
61	1.10302
62	1.08586
63	1.06779
