0	1.65
1	1.669
2	1.68749
3	1.70646
4	1.7251
5	1.74405
6	1.76251
7	1.78144
8	1.80096
9	1.81989
10	1.83833
11	1.85725
12	1.87586
13	1.89477
14	1.9132
15	1.9321
16	1.95229
17	1.97117
18	1.98956
19	2.00842
20	2.02694
21	2.04575
22	2.06405
23	2.08279
24	2.10205
25	2.12065
26	2.13867
27	2.15703
28	2.17488
29	2.19275
30	2.20982
31	2.22686
32	1.64979
33	1.6309
34	1.61236
35	1.59338
36	1.57473
37	1.55579
38	1.53733
39	1.51841
40	1.4989
41	1.47998
42	1.46155
43	1.44264
44	1.42405
45	1.40514
46	1.38673
47	1.36783
48	1.34764
49	1.32876
50	1.31037
51	1.29152
52	1.27299
53	1.25418
54	1.23587
55	1.21712
56	1.19784
57	1.1792
58	1.16112
59	1.14267
60	1.12467
61	1.10655
62	1.08911
63	1.0715
0	1.65
1	1.67072
2	1.68666
3	1.70748
4	1.72945
5	1.75029
6	1.76626
7	1.78709
8	1.80601
9	1.82684
10	1.84281
11	1.86364
12	1.8856
13	1.90642
14	1.92237
15	1.94318
16	1.96705
17	1.98783
18	2.00375
19	2.02449
20	2.04634
21	2.06701
22	2.08282
23	2.10337
24	2.12196
25	2.1423
26	2.15778
27	2.17777
28	2.19852
29	2.21777
30	2.23217
31	2.2504
32	1.64978
33	1.62891
34	1.61282
35	1.59186
36	1.56979
37	1.54888
38	1.53286
39	1.51196
40	1.493
41	1.47211
42	1.45611
43	1.43523
44	1.41322
45	1.39235
46	1.37636
47	1.35551
48	1.33159
49	1.31076
50	1.29481
51	1.27403
52	1.25214
53	1.23143
54	1.2156
55	1.195
56	1.17638
57	1.15599
58	1.14046
59	1.1204
60	1.09952
61	1.08006
62	1.06542
63	1.04674
0	1.65
1	1.66891
2	1.68635
3	1.7053
4	1.71975
5	1.73871
6	1.75616
7	1.77512
8	1.79128
9	1.81023
10	1.82767
11	1.84662
12	1.86105
13	1.87999
14	1.89742
15	1.91635
16	1.94339
17	1.9623
18	1.9797
19	1.99859
20	2.01298
21	2.03184
22	2.04918
23	2.06798
24	2.08398
25	2.10268
26	2.11981
27	2.13831
28	2.15229
29	2.17045
30	2.1869
31	2.20438
32	1.64981
33	1.63238
34	1.61566
35	1.59728
36	1.5832
37	1.56465
38	1.54755
39	1.52893
40	1.51304
41	1.49438
42	1.4772
43	1.45852
44	1.44428
45	1.42558
46	1.40837
47	1.38967
48	1.36294
49	1.34423
50	1.32701
51	1.3083
52	1.29404
53	1.27535
54	1.25816
55	1.2395
56	1.22361
57	1.20501
58	1.18793
59	1.16945
60	1.15542
61	1.13711
62	1.12039
63	1.10241
0	1.65
1	1.6683
2	1.68728
3	1.70576
4	1.72397
5	1.74249
6	1.76157
7	1.78011
8	1.79777
9	1.81632
10	1.83542
11	1.85397
12	1.87222
13	1.89076
14	1.90986
15	1.9284
16	1.94593
17	1.96445
18	1.98352
19	2.00203
20	2.02022
21	2.03869
22	2.05768
23	2.07609
24	2.09357
25	2.11187
26	2.13061
27	2.14869
28	2.16632
29	2.184
30	2.20187
31	2.21881
32	1.6498
33	1.63147
34	1.61235
35	1.59376
36	1.57548
37	1.55689
38	1.53775
39	1.51917
40	1.50147
41	1.48289
42	1.46376
43	1.44518
44	1.4269
45	1.40833
46	1.38921
47	1.37065
48	1.3531
49	1.33455
50	1.31545
51	1.29692
52	1.2787
53	1.2602
54	1.24118
55	1.22274
56	1.20522
57	1.18687
58	1.16806
59	1.14989
60	1.13212
61	1.11423
62	1.09603
63	1.07861
0	1.65
1	1.67044
2	1.69125
3	1.71158
4	1.72627
5	1.74657
6	1.7673
7	1.78758
8	1.80972
9	1.83
10	1.8507
11	1.87097
12	1.88561
13	1.90586
14	1.92655
15	1.94678
16	1.969
17	1.98921
18	2.00984
19	2.03
20	2.04456
21	2.06467
22	2.08515
23	2.10512
24	2.12679
25	2.14646
26	2.16631
27	2.18536
28	2.19883
29	2.21691
30	2.23457
31	2.25093
32	1.64977
33	1.62834
34	1.60687
35	1.58607
36	1.5711
37	1.55047
38	1.52944
39	1.5089
40	1.4865
41	1.46601
42	1.44509
43	1.42463
44	1.40985
45	1.38941
46	1.36855
47	1.34814
48	1.32574
49	1.30537
50	1.28458
51	1.26425
52	1.24957
53	1.2293
54	1.20863
55	1.18847
56	1.16654
57	1.14657
58	1.12632
59	1.10669
60	1.09265
61	1.07351
62	1.05435
63	1.03607
0	1.65
1	1.66779
2	1.68931
3	1.7069
4	1.72262
5	1.74016
6	1.76154
7	1.77906
8	1.80458
9	1.82208
10	1.84341
11	1.8609
12	1.87654
13	1.89401
14	1.91532
15	1.93278
16	1.94861
17	1.96605
18	1.98731
19	2.00473
20	2.02031
21	2.0377
22	2.05886
23	2.07618
24	2.10134
25	2.11852
26	2.13932
27	2.15622
28	2.17117
29	2.18762
30	2.20719
31	2.22272
32	1.64979
33	1.63247
34	1.61117
35	1.59372
36	1.57812
37	1.56069
38	1.53944
39	1.52203
40	1.49665
41	1.47924
42	1.45802
43	1.44062
44	1.42506
45	1.40766
46	1.38645
47	1.36907
48	1.3533
49	1.33593
50	1.31474
51	1.29738
52	1.28186
53	1.26453
54	1.24341
55	1.22613
56	1.201
57	1.18382
58	1.16295
59	1.14594
60	1.13081
61	1.11403
62	1.09382
63	1.0775
0	1.65
1	1.6704
2	1.68768
3	1.70791
4	1.72024
5	1.74042
6	1.7576
7	1.77776
8	1.80076
9	1.82089
10	1.83804
11	1.85816
12	1.87044
13	1.89054
14	1.90767
15	1.92776
16	1.95328
17	1.97334
18	1.99043
19	2.01046
20	2.02268
21	2.04267
22	2.05968
23	2.0796
24	2.10227
25	2.12202
26	2.13876
27	2.15825
28	2.17005
29	2.18913
30	2.20509
31	2.22336
32	1.64978
33	1.62992
34	1.61283
35	1.59279
36	1.58055
37	1.56051
38	1.54343
39	1.52339
40	1.50051
41	1.48047
42	1.4634
43	1.44337
44	1.43113
45	1.4111
46	1.39403
47	1.37401
48	1.34858
49	1.32857
50	1.31154
51	1.29156
52	1.27937
53	1.25943
54	1.24246
55	1.22258
56	1.19994
57	1.18019
58	1.16343
59	1.14388
60	1.13201
61	1.11274
62	1.0965
63	1.07772
0	1.65
1	1.6682
2	1.68684
3	1.70564
4	1.726
5	1.74494
6	1.76391
7	1.78291
8	1.80295
9	1.82198
10	1.84101
11	1.86005
12	1.88059
13	1.89964
14	1.9187
15	1.93775
16	1.95593
17	1.97498
18	1.99402
19	2.01305
20	2.03354
21	2.05253
22	2.07149
23	2.09041
24	2.11029
25	2.12905
26	2.14768
27	2.16613
28	2.18573
29	2.20354
30	2.22086
31	2.23755
32	1.64977
33	1.6305
34	1.61115
35	1.59185
36	1.57106
37	1.5518
38	1.53254
39	1.5133
40	1.493
41	1.47376
42	1.45452
43	1.43528
44	1.41454
45	1.39531
46	1.37608
47	1.35686
48	1.33853
49	1.31932
50	1.30013
51	1.28095
52	1.2603
53	1.24117
54	1.22207
55	1.20301
56	1.18298
57	1.16406
58	1.14523
59	1.12654
60	1.10657
61	1.08827
62	1.07025
63	1.05258
0	1.65
1	1.66917
2	1.69119
3	1.71028
4	1.73133
5	1.75039
6	1.77234
7	1.79138
8	1.80528
9	1.82431
10	1.84624
11	1.86527
12	1.88627
13	1.90529
14	1.92719
15	1.94619
16	1.96168
17	1.98066
18	2.00251
19	2.02146
20	2.04236
21	2.06126
22	2.08298
23	2.10177
24	2.11544
25	2.13409
26	2.1554
27	2.17369
28	2.19356
29	2.21116
30	2.23079
31	2.24716
32	1.64978
33	1.63065
34	1.60856
35	1.58945
36	1.56838
37	1.54933
38	1.52739
39	1.50836
40	1.49448
41	1.47546
42	1.45356
43	1.43455
44	1.41357
45	1.39457
46	1.3727
47	1.35371
48	1.33824
49	1.31927
50	1.29744
51	1.2785
52	1.25761
53	1.23872
54	1.217
55	1.19819
56	1.18451
57	1.16581
58	1.14439
59	1.12593
60	1.10574
61	1.08767
62	1.0672
63	1.04979
0	1.65
1	1.67095
2	1.68989
3	1.7109
4	1.72823
5	1.74925
6	1.76821
7	1.78923
8	1.81303
9	1.83405
10	1.853
11	1.87402
12	1.89134
13	1.91235
14	1.93129
15	1.95228
16	1.97264
17	1.9936
18	2.0125
19	2.03342
20	2.05065
21	2.0715
22	2.09027
23	2.11101
24	2.13436
25	2.15483
26	2.17311
27	2.1931
28	2.20929
29	2.22845
30	2.24517
31	2.26296
32	1.64978
33	1.62843
34	1.60919
35	1.58794
36	1.57047
37	1.54931
38	1.53023
39	1.50911
40	1.4852
41	1.4641
42	1.44508
43	1.42399
44	1.40661
45	1.38554
46	1.36655
47	1.34549
48	1.32508
49	1.30405
50	1.28511
51	1.26413
52	1.24685
53	1.22593
54	1.20711
55	1.1863
56	1.16285
57	1.14227
58	1.12385
59	1.10363
60	1.08717
61	1.06751
62	1.05013
63	1.03133
0	1.65
1	1.6685
2	1.68575
3	1.70426
4	1.72002
5	1.73852
6	1.75576
7	1.77427
8	1.78973
9	1.80823
10	1.82547
11	1.84396
12	1.85971
13	1.8782
14	1.89543
15	1.91391
16	1.94115
17	1.95961
18	1.9768
19	1.99524
20	2.01094
21	2.02934
22	2.04647
23	2.06483
24	2.08014
25	2.09841
26	2.11537
27	2.13348
28	2.14882
29	2.16667
30	2.1831
31	2.20046
32	1.64976
33	1.63011
34	1.61212
35	1.59303
36	1.57685
37	1.55794
38	1.54036
39	1.52153
40	1.50581
41	1.48702
42	1.46953
43	1.45078
44	1.43482
45	1.41609
46	1.39864
47	1.37994
48	1.35237
49	1.33369
50	1.31631
51	1.29766
52	1.2818
53	1.26319
54	1.24588
55	1.22733
56	1.21186
57	1.19341
58	1.17627
59	1.15795
60	1.14244
61	1.12436
62	1.10766
63	1.08994
