0	1.65
1	1.63289
2	1.61489
3	1.59777
4	1.57748
5	1.56036
6	1.54236
7	1.52525
8	1.50002
9	1.48291
10	1.46491
11	1.44779
12	1.4275
13	1.41038
14	1.39238
15	1.37527
16	1.34121
17	1.3241
18	1.3061
19	1.28898
20	1.26869
21	1.25158
22	1.23357
23	1.21646
24	1.19123
25	1.17412
26	1.15612
27	1.13901
28	1.11871
29	1.1016
30	1.0836
31	1.06649
32	1.65
33	1.63289
34	1.61489
35	1.59777
36	1.57748
37	1.56036
38	1.54236
39	1.52525
40	1.50002
41	1.48291
42	1.46491
43	1.44779
44	1.4275
45	1.41038
46	1.39238
47	1.37527
48	1.34121
49	1.3241
50	1.3061
51	1.28898
52	1.26869
53	1.25158
54	1.23357
55	1.21646
56	1.19123
57	1.17412
58	1.15612
59	1.13901
60	1.11871
61	1.1016
62	1.0836
63	1.06649
0	1.65
1	1.63167
2	1.61671
3	1.59838
4	1.57593
5	1.5576
6	1.54264
7	1.52431
8	1.50064
9	1.48231
10	1.46734
11	1.44902
12	1.42657
13	1.40824
14	1.39327
15	1.37495
16	1.33836
17	1.32003
18	1.30507
19	1.28674
20	1.26429
21	1.24597
22	1.231
23	1.21267
24	1.189
25	1.17068
26	1.15571
27	1.13738
28	1.11494
29	1.09661
30	1.08165
31	1.06332
32	1.65
33	1.63167
34	1.61671
35	1.59838
36	1.57593
37	1.5576
38	1.54264
39	1.52431
40	1.50064
41	1.48231
42	1.46734
43	1.44902
44	1.42657
45	1.40824
46	1.39327
47	1.37495
48	1.33836
49	1.32003
50	1.30507
51	1.28674
52	1.26429
53	1.24597
54	1.231
55	1.21267
56	1.189
57	1.17068
58	1.15571
59	1.13738
60	1.11494
61	1.09661
62	1.08165
63	1.06332
0	1.65
1	1.6319
2	1.61508
3	1.59698
4	1.58104
5	1.56294
6	1.54612
7	1.52802
8	1.49833
9	1.48022
10	1.4634
11	1.4453
12	1.42937
13	1.41127
14	1.39445
15	1.37635
16	1.34397
17	1.32587
18	1.30905
19	1.29095
20	1.27501
21	1.25691
22	1.24009
23	1.22199
24	1.1923
25	1.1742
26	1.15738
27	1.13928
28	1.12335
29	1.10525
30	1.08843
31	1.07034
32	1.65
33	1.6319
34	1.61508
35	1.59698
36	1.58104
37	1.56294
38	1.54612
39	1.52802
40	1.49833
41	1.48022
42	1.4634
43	1.4453
44	1.42937
45	1.41127
46	1.39445
47	1.37635
48	1.34397
49	1.32587
50	1.30905
51	1.29095
52	1.27501
53	1.25691
54	1.24009
55	1.22199
56	1.1923
57	1.1742
58	1.15738
59	1.13928
60	1.12335
61	1.10525
62	1.08843
63	1.07034
0	1.65
1	1.6338
2	1.61319
3	1.59699
4	1.57896
5	1.56277
6	1.54215
7	1.52596
8	1.50321
9	1.48701
10	1.4664
11	1.4502
12	1.43217
13	1.41598
14	1.39536
15	1.37917
16	1.34107
17	1.32488
18	1.30426
19	1.28807
20	1.27004
21	1.25384
22	1.23323
23	1.21703
24	1.19428
25	1.17809
26	1.15748
27	1.14128
28	1.12325
29	1.10706
30	1.08645
31	1.07025
32	1.65
33	1.6338
34	1.61319
35	1.59699
36	1.57896
37	1.56277
38	1.54215
39	1.52596
40	1.50321
41	1.48701
42	1.4664
43	1.4502
44	1.43217
45	1.41598
46	1.39536
47	1.37917
48	1.34107
49	1.32488
50	1.30426
51	1.28807
52	1.27004
53	1.25384
54	1.23323
55	1.21703
56	1.19428
57	1.17809
58	1.15748
59	1.14128
60	1.12325
61	1.10706
62	1.08645
63	1.07025
0	1.65
1	1.63223
2	1.61381
3	1.59604
4	1.57816
5	1.56039
6	1.54197
7	1.5242
8	1.49949
9	1.48172
10	1.4633
11	1.44553
12	1.42765
13	1.40988
14	1.39146
15	1.37369
16	1.34163
17	1.32386
18	1.30544
19	1.28767
20	1.26979
21	1.25202
22	1.2336
23	1.21583
24	1.19112
25	1.17335
26	1.15493
27	1.13717
28	1.11928
29	1.10152
30	1.0831
31	1.06534
32	1.65
33	1.63223
34	1.61381
35	1.59604
36	1.57816
37	1.56039
38	1.54197
39	1.5242
40	1.49949
41	1.48172
42	1.4633
43	1.44553
44	1.42765
45	1.40988
46	1.39146
47	1.37369
48	1.34163
49	1.32386
50	1.30544
51	1.28767
52	1.26979
53	1.25202
54	1.2336
55	1.21583
56	1.19112
57	1.17335
58	1.15493
59	1.13717
60	1.11928
61	1.10152
62	1.0831
63	1.06534
0	1.65
1	1.63334
2	1.61471
3	1.59804
4	1.57806
5	1.5614
6	1.54277
7	1.52611
8	1.50181
9	1.48515
10	1.46652
11	1.44986
12	1.42988
13	1.41322
14	1.39458
15	1.37792
16	1.33332
17	1.31666
18	1.29803
19	1.28137
20	1.26139
21	1.24473
22	1.22609
23	1.20943
24	1.18514
25	1.16848
26	1.14985
27	1.13319
28	1.11321
29	1.09655
30	1.07792
31	1.06126
32	1.65
33	1.63334
34	1.61471
35	1.59804
36	1.57806
37	1.5614
38	1.54277
39	1.52611
40	1.50181
41	1.48515
42	1.46652
43	1.44986
44	1.42988
45	1.41322
46	1.39458
47	1.37792
48	1.33332
49	1.31666
50	1.29803
51	1.28137
52	1.26139
53	1.24473
54	1.22609
55	1.20943
56	1.18514
57	1.16848
58	1.14985
59	1.13319
60	1.11321
61	1.09655
62	1.07792
63	1.06126
0	1.65
1	1.63298
2	1.61436
3	1.59734
4	1.57487
5	1.55786
6	1.53924
7	1.52222
8	1.49775
9	1.48074
10	1.46212
11	1.4451
12	1.42263
13	1.40561
14	1.38699
15	1.36997
16	1.34487
17	1.32785
18	1.30923
19	1.29221
20	1.26975
21	1.25273
22	1.23411
23	1.21709
24	1.19263
25	1.17561
26	1.15699
27	1.13998
28	1.11751
29	1.10049
30	1.08188
31	1.06486
32	1.65
33	1.63298
34	1.61436
35	1.59734
36	1.57487
37	1.55786
38	1.53924
39	1.52222
40	1.49775
41	1.48074
42	1.46212
43	1.4451
44	1.42263
45	1.40561
46	1.38699
47	1.36997
48	1.34487
49	1.32785
50	1.30923
51	1.29221
52	1.26975
53	1.25273
54	1.23411
55	1.21709
56	1.19263
57	1.17561
58	1.15699
59	1.13998
60	1.11751
61	1.10049
62	1.08188
63	1.06486
0	1.65
1	1.63216
2	1.61658
3	1.59874
4	1.579
5	1.56117
6	1.54558
7	1.52774
8	1.50101
9	1.48318
10	1.46759
11	1.44976
12	1.43002
13	1.41218
14	1.39659
15	1.37876
16	1.34051
17	1.32268
18	1.30709
19	1.28926
20	1.26952
21	1.25168
22	1.23609
23	1.21826
24	1.19153
25	1.1737
26	1.15811
27	1.14028
28	1.12054
29	1.10271
30	1.08712
31	1.06929
32	1.65
33	1.63216
34	1.61658
35	1.59874
36	1.579
37	1.56117
38	1.54558
39	1.52774
40	1.50101
41	1.48318
42	1.46759
43	1.44976
44	1.43002
45	1.41218
46	1.39659
47	1.37876
48	1.34051
49	1.32268
50	1.30709
51	1.28926
52	1.26952
53	1.25168
54	1.23609
55	1.21826
56	1.19153
57	1.1737
58	1.15811
59	1.14028
60	1.12054
61	1.10271
62	1.08712
63	1.06929
0	1.65
1	1.63319
2	1.61565
3	1.59884
4	1.57528
5	1.55847
6	1.54093
7	1.52412
8	1.49977
9	1.48296
10	1.46542
11	1.44861
12	1.42506
13	1.40825
14	1.39071
15	1.3739
16	1.34181
17	1.325
18	1.30746
19	1.29066
20	1.2671
21	1.25029
22	1.23275
23	1.21594
24	1.19159
25	1.17478
26	1.15724
27	1.14044
28	1.11688
29	1.10007
30	1.08253
31	1.06572
32	1.65
33	1.63319
34	1.61565
35	1.59884
36	1.57528
37	1.55847
38	1.54093
39	1.52412
40	1.49977
41	1.48296
42	1.46542
43	1.44861
44	1.42506
45	1.40825
46	1.39071
47	1.3739
48	1.34181
49	1.325
50	1.30746
51	1.29066
52	1.2671
53	1.25029
54	1.23275
55	1.21594
56	1.19159
57	1.17478
58	1.15724
59	1.14044
60	1.11688
61	1.10007
62	1.08253
63	1.06572
0	1.65
1	1.63326
2	1.61573
3	1.59898
4	1.57745
5	1.56071
6	1.54318
7	1.52644
8	1.50409
9	1.48735
10	1.46982
11	1.45307
12	1.43154
13	1.4148
14	1.39727
15	1.38053
16	1.33894
17	1.32219
18	1.30467
19	1.28792
20	1.26639
21	1.24965
22	1.23212
23	1.21538
24	1.19303
25	1.17629
26	1.15876
27	1.14202
28	1.12049
29	1.10374
30	1.08622
31	1.06948
32	1.65
33	1.63326
34	1.61573
35	1.59898
36	1.57745
37	1.56071
38	1.54318
39	1.52644
40	1.50409
41	1.48735
42	1.46982
43	1.45307
44	1.43154
45	1.4148
46	1.39727
47	1.38053
48	1.33894
49	1.32219
50	1.30467
51	1.28792
52	1.26639
53	1.24965
54	1.23212
55	1.21538
56	1.19303
57	1.17629
58	1.15876
59	1.14202
60	1.12049
61	1.10374
62	1.08622
63	1.06948
0	1.65
1	1.6334
2	1.61504
3	1.59844
4	1.57754
5	1.56094
6	1.54258
7	1.52598
8	1.50231
9	1.48571
10	1.46735
11	1.45075
12	1.42985
13	1.41325
14	1.39489
15	1.37829
16	1.33804
17	1.32143
18	1.30308
19	1.28648
20	1.26558
21	1.24898
22	1.23063
23	1.21402
24	1.19035
25	1.17375
26	1.1554
27	1.13879
28	1.1179
29	1.1013
30	1.08295
31	1.06635
32	1.65
33	1.6334
34	1.61504
35	1.59844
36	1.57754
37	1.56094
38	1.54258
39	1.52598
40	1.50231
41	1.48571
42	1.46735
43	1.45075
44	1.42985
45	1.41325
46	1.39489
47	1.37829
48	1.33804
49	1.32143
50	1.30308
51	1.28648
52	1.26558
53	1.24898
54	1.23063
55	1.21402
56	1.19035
57	1.17375
58	1.1554
59	1.13879
60	1.1179
61	1.1013
62	1.08295
63	1.06635
