0	1.65
1	1.6688
2	1.68777
3	1.70656
4	1.72666
5	1.74543
6	1.76437
7	1.78313
8	1.80634
9	1.82508
10	1.84399
11	1.86272
12	1.88276
13	1.90147
14	1.92035
15	1.93905
16	1.96785
17	1.98652
18	2.00536
19	2.02402
20	2.04398
21	2.06261
22	2.08142
23	2.10004
24	2.12306
25	2.14166
26	2.16041
27	2.17899
28	2.19886
29	2.21742
30	2.23613
31	2.25467
32	1.65
33	1.632
34	1.61362
35	1.59565
36	1.57571
37	1.55778
38	1.53946
39	1.52156
40	1.49757
41	1.47969
42	1.46143
43	1.44359
44	1.42372
45	1.40592
46	1.38771
47	1.36995
48	1.33803
49	1.32028
50	1.30212
51	1.28441
52	1.26459
53	1.24692
54	1.22882
55	1.21119
56	1.18716
57	1.16956
58	1.15152
59	1.13396
60	1.11423
61	1.0967
62	1.07873
63	1.06125
0	1.65
1	1.66989
2	1.68659
3	1.70647
4	1.72736
5	1.74722
6	1.7639
7	1.78375
8	1.80805
9	1.82788
10	1.84453
11	1.86435
12	1.88518
13	1.90497
14	1.9216
15	1.94138
16	1.96653
17	1.98628
18	2.00287
19	2.02261
20	2.04336
21	2.06308
22	2.07963
23	2.09933
24	2.12344
25	2.14312
26	2.15964
27	2.17929
28	2.19995
29	2.21957
30	2.23606
31	2.25566
32	1.65
33	1.63103
34	1.61346
35	1.59453
36	1.57459
37	1.5557
38	1.53819
39	1.51934
40	1.49981
41	1.48097
42	1.46351
43	1.44472
44	1.42484
45	1.40609
46	1.38868
47	1.36997
48	1.34579
49	1.32708
50	1.30971
51	1.29104
52	1.27122
53	1.25259
54	1.23528
55	1.2167
56	1.1971
57	1.17854
58	1.16129
59	1.14277
60	1.12304
61	1.10456
62	1.08737
63	1.06894
0	1.65
1	1.66898
2	1.68724
3	1.7062
4	1.72959
5	1.74854
6	1.76677
7	1.78571
8	1.80609
9	1.82501
10	1.84321
11	1.86212
12	1.88544
13	1.90433
14	1.9225
15	1.94137
16	1.96201
17	1.98086
18	1.999
19	2.01784
20	2.04106
21	2.05988
22	2.07798
23	2.09678
24	2.117
25	2.13578
26	2.15384
27	2.17259
28	2.19572
29	2.21445
30	2.23247
31	2.25118
32	1.65
33	1.63166
34	1.61377
35	1.59547
36	1.57714
37	1.55887
38	1.54104
39	1.52281
40	1.49463
41	1.47643
42	1.45864
43	1.44048
44	1.42221
45	1.40408
46	1.38636
47	1.36826
48	1.34243
49	1.32435
50	1.30666
51	1.28861
52	1.2704
53	1.25239
54	1.23476
55	1.21679
56	1.18863
57	1.1707
58	1.15313
59	1.13524
60	1.1171
61	1.09924
62	1.08174
63	1.06393
0	1.65
1	1.66853
2	1.689
3	1.70752
4	1.72167
5	1.74017
6	1.76061
7	1.77911
8	1.81265
9	1.83112
10	1.85153
11	1.86999
12	1.88409
13	1.90253
14	1.92291
15	1.94133
16	1.97039
17	1.9888
18	2.00912
19	2.02751
20	2.04156
21	2.05993
22	2.08022
23	2.09857
24	2.13185
25	2.15018
26	2.17041
27	2.18872
28	2.2027
29	2.22099
30	2.24118
31	2.25945
32	1.65
33	1.63252
34	1.61582
35	1.59838
36	1.58483
37	1.56742
38	1.55076
39	1.53338
40	1.48824
41	1.4709
42	1.4543
43	1.437
44	1.42349
45	1.40621
46	1.38966
47	1.37242
48	1.33459
49	1.31737
50	1.30086
51	1.28367
52	1.27019
53	1.25303
54	1.23658
55	1.21946
56	1.1745
57	1.15743
58	1.14104
59	1.124
60	1.11058
61	1.09357
62	1.07724
63	1.06027
0	1.65
1	1.6689
2	1.68889
3	1.70778
4	1.72632
5	1.7452
6	1.76516
7	1.78402
8	1.80626
9	1.82511
10	1.84503
11	1.86386
12	1.88235
13	1.90117
14	1.92106
15	1.93986
16	1.96876
17	1.98753
18	2.00738
19	2.02614
20	2.04455
21	2.06329
22	2.0831
23	2.10182
24	2.12389
25	2.14259
26	2.16235
27	2.18103
28	2.19936
29	2.21802
30	2.23774
31	2.25637
32	1.65
33	1.63133
34	1.6114
35	1.59277
36	1.57338
37	1.55479
38	1.53492
39	1.51637
40	1.49703
41	1.4785
42	1.45868
43	1.44019
44	1.42087
45	1.40242
46	1.38267
47	1.36426
48	1.34498
49	1.32657
50	1.30686
51	1.28849
52	1.26922
53	1.25089
54	1.23125
55	1.21296
56	1.19355
57	1.17529
58	1.15571
59	1.1375
60	1.11831
61	1.10013
62	1.08063
63	1.06249
0	1.65
1	1.66993
2	1.68471
3	1.70462
4	1.7275
5	1.7474
6	1.76216
7	1.78205
8	1.80397
9	1.82384
10	1.83858
11	1.85843
12	1.88124
13	1.90108
14	1.91579
15	1.93561
16	1.96082
17	1.98062
18	1.9953
19	2.01508
20	2.03781
21	2.05757
22	2.07222
23	2.09196
24	2.11372
25	2.13344
26	2.14806
27	2.16776
28	2.19038
29	2.21006
30	2.22464
31	2.2443
32	1.65
33	1.63133
34	1.61521
35	1.59657
36	1.57843
37	1.55982
38	1.54376
39	1.52519
40	1.49826
41	1.47972
42	1.4637
43	1.4452
44	1.42711
45	1.40865
46	1.39268
47	1.37425
48	1.34192
49	1.32351
50	1.30758
51	1.2892
52	1.27117
53	1.25283
54	1.23695
55	1.21865
56	1.19172
57	1.17346
58	1.15763
59	1.13941
60	1.12145
61	1.10326
62	1.0875
63	1.06935
0	1.65
1	1.66798
2	1.68499
3	1.70297
4	1.72172
5	1.73968
6	1.75666
7	1.77461
8	1.81315
9	1.83108
10	1.84803
11	1.86595
12	1.88464
13	1.90254
14	1.91947
15	1.93735
16	1.98063
17	1.99849
18	2.01538
19	2.03322
20	2.05183
21	2.06966
22	2.08651
23	2.10432
24	2.14254
25	2.16032
26	2.17713
27	2.19489
28	2.21341
29	2.23116
30	2.24793
31	2.26565
32	1.65
33	1.63359
34	1.61277
35	1.59639
36	1.57621
37	1.55987
38	1.53911
39	1.5228
40	1.49102
41	1.47473
42	1.45404
43	1.43779
44	1.41769
45	1.40147
46	1.38084
47	1.36466
48	1.34037
49	1.32419
50	1.30361
51	1.28747
52	1.26742
53	1.25132
54	1.2308
55	1.21474
56	1.183
57	1.16697
58	1.14653
59	1.13053
60	1.11058
61	1.09461
62	1.07425
63	1.05832
0	1.65
1	1.66774
2	1.68872
3	1.70645
4	1.72439
5	1.74211
6	1.76307
7	1.78076
8	1.80232
9	1.82
10	1.84093
11	1.8586
12	1.87649
13	1.89415
14	1.91504
15	1.93269
16	1.96625
17	1.98387
18	2.00472
19	2.02232
20	2.04014
21	2.05772
22	2.07853
23	2.0961
24	2.11748
25	2.13503
26	2.15579
27	2.17332
28	2.19106
29	2.20857
30	2.22929
31	2.24678
32	1.65
33	1.63335
34	1.61288
35	1.59626
36	1.57729
37	1.56071
38	1.5403
39	1.52375
40	1.50449
41	1.48796
42	1.4676
43	1.45111
44	1.4322
45	1.41573
46	1.39545
47	1.37902
48	1.33244
49	1.31603
50	1.2958
51	1.27943
52	1.26058
53	1.24424
54	1.22408
55	1.20778
56	1.18846
57	1.17218
58	1.15208
59	1.13584
60	1.11708
61	1.10087
62	1.08085
63	1.06468
0	1.65
1	1.6685
2	1.68801
3	1.70649
4	1.7231
5	1.74158
6	1.76106
7	1.77952
8	1.8016
9	1.82004
10	1.8395
11	1.85793
12	1.87449
13	1.8929
14	1.91233
15	1.93073
16	1.97472
17	1.99309
18	2.01247
19	2.03082
20	2.04731
21	2.06565
22	2.08498
23	2.1033
24	2.1252
25	2.1435
26	2.16279
27	2.18107
28	2.19749
29	2.21575
30	2.235
31	2.25324
32	1.65
33	1.63347
34	1.61544
35	1.59894
36	1.57885
37	1.56238
38	1.54441
39	1.52797
40	1.50115
41	1.48473
42	1.46681
43	1.45043
44	1.43042
45	1.41407
46	1.39621
47	1.37989
48	1.32264
49	1.30635
50	1.28855
51	1.27229
52	1.25235
53	1.23613
54	1.21839
55	1.2022
56	1.17539
57	1.15924
58	1.14155
59	1.12543
60	1.10558
61	1.0895
62	1.07188
63	1.05583
0	1.65
1	1.67017
2	1.68982
3	1.70997
4	1.73082
5	1.75096
6	1.77058
7	1.7907
8	1.81583
9	1.83593
10	1.85552
11	1.8756
12	1.89638
13	1.91645
14	1.93601
15	1.95605
16	1.98778
17	2.0078
18	2.02731
19	2.04731
20	2.068
21	2.08798
22	2.10744
23	2.1274
24	2.15231
25	2.17223
26	2.19165
27	2.21156
28	2.23215
29	2.25203
30	2.2714
31	2.29125
32	1.65
33	1.63156
34	1.61066
35	1.59227
36	1.57533
37	1.55696
38	1.53613
39	1.51781
40	1.49023
41	1.47193
42	1.45116
43	1.4329
44	1.41602
45	1.3978
46	1.3771
47	1.35892
48	1.32623
49	1.30807
50	1.28742
51	1.26929
52	1.25245
53	1.23436
54	1.21378
55	1.19574
56	1.16816
57	1.15015
58	1.12965
59	1.11168
60	1.09491
61	1.07698
62	1.05656
63	1.03867
0	1.65
1	1.66881
2	1.6872
3	1.706
4	1.72786
5	1.74663
6	1.765
7	1.78377
8	1.81213
9	1.83088
10	1.84922
11	1.86795
12	1.88974
13	1.90845
14	1.92676
15	1.94546
16	1.97292
17	1.9916
18	2.00987
19	2.02853
20	2.05023
21	2.06887
22	2.0871
23	2.10572
24	2.13386
25	2.15245
26	2.17064
27	2.18922
28	2.21082
29	2.22937
30	2.24752
31	2.26605
32	1.65
33	1.63114
34	1.61552
35	1.5967
36	1.57588
37	1.55709
38	1.54152
39	1.52277
40	1.49752
41	1.4788
42	1.46327
43	1.44459
44	1.42384
45	1.40519
46	1.38972
47	1.37111
48	1.32848
49	1.30989
50	1.29446
51	1.27591
52	1.25523
53	1.23672
54	1.22134
55	1.20288
56	1.17761
57	1.15918
58	1.14385
59	1.12546
60	1.10487
61	1.08652
62	1.07125
63	1.05294
